	286.648087	60.303487
	286.418403	60.318891
	284.401229	60.456347
	281.405105	60.646831
	280.815548	60.670697
	279.886345	60.712552
	279.886345	60.712552
	277.817779	60.791203
	276.318777	60.846457
	274.819775	60.901712
	273.980070	60.921458
	272.480833	60.966716
	270.981361	61.001976
	267.982887	61.092491
	264.984178	61.173010
	261.985469	61.253528
	260.676165	61.294319
	257.677456	61.374837
	256.178219	61.420094
	254.678982	61.465351
	251.680273	61.545869
	250.181036	61.591126
	248.681799	61.636384
	247.182327	61.671644
	245.683090	61.716901
	242.684381	61.797419
	241.185144	61.842676
	239.685907	61.887933
	238.636276	61.912615
	235.637802	62.003129
	232.639093	62.083646
	229.640619	62.174160
	228.141147	62.209420
	226.641910	62.254677
	223.643436	62.345190
	220.644727	62.425707
	218.685652	62.481777
	215.686943	62.562293
	214.187706	62.607550
	212.688234	62.642810
	209.689759	62.733323
	206.691050	62.813839
	203.692341	62.894355
	200.693632	62.974871
	199.194395	63.020127
	197.695158	63.065384
	196.925664	63.093480
	193.937656	63.203751
	193.907667	63.204456
	192.407960	63.229719
	190.908018	63.244985
	188.129466	63.330326
	185.810518	63.394857
	184.101590	63.455046
	182.571423	63.461021
	181.012207	63.507687
	179.993506	63.571650
	179.084061	63.603038
	177.366077	63.703448
	177.246354	63.716266
	175.608811	63.834789
	172.623388	64.055023
	169.627969	64.275491
	169.198825	64.315589
	166.214342	64.575809
	163.230094	64.846025
	161.732736	64.971254
	160.235614	65.106479
	159.597014	65.171506
	156.613001	65.451719
	153.629223	65.741928
	153.499503	65.754980
	150.515255	66.025195
	147.521245	66.305642
	146.243576	66.415702
	143.249096	66.676155
	141.761970	66.811145
	140.264848	66.946370
	139.256848	67.040087
	136.272835	67.320298
	135.993403	67.346872
	132.999158	67.617321
	130.853439	67.817807
	128.059124	68.083555
	125.075346	68.373761
	122.091567	68.663967
	119.575743	68.863153
	116.590555	69.093379
	115.911499	69.139352
	325.052957	52.864801
	324.932034	52.911655
	322.254136	53.874846
	320.854268	54.317864
	317.995022	55.225304
	317.388762	55.389597
	314.496942	56.187776
	312.249488	56.740746
	311.543263	56.907390
	308.618398	57.576314
	307.970977	57.691563
	305.022829	58.221001
	304.982843	58.221941
	302.013057	58.681871
	301.504647	58.753841
	298.533685	59.163786
	298.493935	59.174723
	295.511802	59.534919
	295.292349	59.560084
	293.795462	59.705310
	292.308572	59.850302
	290.142391	60.031272
	287.367129	60.256571
	286.648087	60.303487
	286.648087	60.303487
	286.418403	60.318891
	284.401229	60.456347
	281.405105	60.646831
	280.815548	60.670697
	279.886345	60.712552
	279.886345	60.712552
	277.817779	60.791203
	276.318777	60.846457
	274.819775	60.901712
	273.980070	60.921458
	272.480833	60.966716
	270.981361	61.001976
	267.982887	61.092491
	264.984178	61.173010
	261.985469	61.253528
	260.676165	61.294319
	257.677456	61.374837
	256.178219	61.420094
	254.678982	61.465351
	251.680273	61.545869
	250.181036	61.591126
	248.681799	61.636384
	247.182327	61.671644
	245.683090	61.716901
	242.684381	61.797419
	241.185144	61.842676
	239.685907	61.887933
	238.636276	61.912615
	235.637802	62.003129
	232.639093	62.083646
	229.640619	62.174160
	228.141147	62.209420
	226.641910	62.254677
	223.643436	62.345190
	220.644727	62.425707
	218.685652	62.481777
	215.686943	62.562293
	214.187706	62.607550
	212.688234	62.642810
	209.689759	62.733323
	206.691050	62.813839
	203.692341	62.894355
	200.693632	62.974871
	199.194395	63.020127
	197.695158	63.065384
	196.925664	63.093480
	193.937656	63.203751
	193.907667	63.204456
	192.407960	63.229719
	190.908018	63.244985
	188.129466	63.330326
	185.810518	63.394857
	184.101590	63.455046
	182.571423	63.461021
	181.012207	63.507687
	179.993506	63.571650
	179.084061	63.603038
	177.366077	63.703448
	177.246354	63.716266
	175.608811	63.834789
	172.623388	64.055023
	169.627969	64.275491
	169.198825	64.315589
	166.214342	64.575809
	163.230094	64.846025
	161.732736	64.971254
	160.235614	65.106479
	159.597014	65.171506
	156.613001	65.451719
	153.629223	65.741928
	153.499503	65.754980
	150.515255	66.025195
	147.521245	66.305642
	146.243576	66.415702
	143.249096	66.676155
	141.761970	66.811145
	140.264848	66.946370
	139.256848	67.040087
	136.272835	67.320298
	135.993403	67.346872
	132.999158	67.617321
	130.853439	67.817807
	128.059124	68.083555
	125.075346	68.373761
	122.091567	68.663967
	119.575743	68.863153
	116.590555	69.093379
	115.911499	69.139352
	325.052957	52.864801
	324.932034	52.911655
	322.254136	53.874846
	320.854268	54.317864
	317.995022	55.225304
	317.388762	55.389597
	314.496942	56.187776
	312.249488	56.740746
	311.543263	56.907390
	308.618398	57.576314
	307.970977	57.691563
	305.022829	58.221001
	304.982843	58.221941
	302.013057	58.681871
	301.504647	58.753841
	298.533685	59.163786
	298.493935	59.174723
	295.511802	59.534919
	295.292349	59.560084
	293.795462	59.705310
	292.308572	59.850302
	290.142391	60.031272
	287.367129	60.256571
	286.648087	60.303487
	286.615640	59.774126
	286.495917	59.786944
	283.499323	59.957434
	282.860018	59.992473
	279.873421	60.162728
	341.980286	43.119468
	341.168715	43.697690
	339.949129	44.576577
	339.693217	44.752636
	337.819974	45.906958
	335.235211	47.428097
	334.741968	47.719764
	332.094875	49.142343
	331.215764	49.613126
	328.803416	50.810131
	326.348261	51.888113
	323.510419	52.855065
	322.349526	53.252454
	319.848980	54.101448
	318.311981	54.667719
	315.450620	55.485187
	312.619954	56.331939
	309.695794	57.030854
	308.750829	57.253124
	305.791979	57.752807
	305.672492	57.775621
	302.702001	58.205561
	301.814899	58.336448
	299.551808	58.649728
	296.567325	58.909956
	296.457599	58.922538
	293.474292	59.232750
	292.745959	59.309892
	289.761006	59.550125
	287.564600	59.721803
	286.615640	59.774126
	279.873421	60.162728
	279.863424	60.162963
	278.155436	60.263141
	275.157197	60.363654
	272.159193	60.474163
	270.070634	60.553283
	268.570222	60.548557
	267.069810	60.543831
	266.949852	60.546651
	263.962549	60.686915
	263.033347	60.728771
	260.035578	60.849276
	257.477419	60.949441
	255.977712	60.974705
	254.478240	61.009966
	251.479061	61.070490
	248.779541	61.113966
	247.280304	61.159223
	245.780832	61.194483
	244.281595	61.239741
	242.782123	61.275001
	239.783414	61.355519
	238.283942	61.390779
	236.784705	61.436036
	236.174919	61.450375
	233.176445	61.540889
	231.677208	61.586146
	230.177971	61.631403
	227.179732	61.731914
	224.181258	61.822428
	222.682256	61.877681
	221.183019	61.922938
	220.753170	61.933046
	219.253698	61.968306
	217.754226	62.003566
	216.254519	62.028829
	214.755047	62.064089
	213.255575	62.099349
	211.756103	62.134609
	209.306966	62.192200
	206.318723	62.292475
	204.819721	62.347728
	203.320719	62.402981
	201.821717	62.458235
	200.526572	62.505693
